_viz_0 = nengo_gui.components.HTMLView(env)
_viz_config[_viz_0].label_visible = True
_viz_config[_viz_0].width = 0.12610340479192939
_viz_config[_viz_0].height = 0.1834862385321101
_viz_config[_viz_0].y = 0.26901121304790987
_viz_config[_viz_0].x = 0.4596469104665822
_viz_1 = nengo_gui.components.Slider(velocity)
_viz_config[_viz_1].label_visible = True
_viz_config[_viz_1].width = 0.06305170239596469
_viz_config[_viz_1].x = 0.11634893553890646
_viz_config[_viz_1].y = 0.28091743119266027
_viz_config[_viz_1].max_value = 1
_viz_config[_viz_1].min_value = -1
_viz_config[_viz_1].height = 0.1834862385321101
_viz_2 = nengo_gui.components.XYValue(location)
_viz_config[_viz_2].index_x = 0
_viz_config[_viz_2].index_y = 1
_viz_config[_viz_2].max_value = 1
_viz_config[_viz_2].min_value = -1
_viz_config[_viz_2].height = 0.1834862385321101
_viz_config[_viz_2].label_visible = True
_viz_config[_viz_2].width = 0.12610340479192939
_viz_config[_viz_2].y = 0.3330275229357798
_viz_config[_viz_2].x = 0.8589249066587544
_viz_3 = nengo_gui.components.Value(taste)
_viz_config[_viz_3].synapse = 0.01
_viz_config[_viz_3].max_value = 1
_viz_config[_viz_3].min_value = -1
_viz_config[_viz_3].legend_labels = [u'label_0', u'label_1', u'label_2', u'label_3']
_viz_config[_viz_3].height = 0.1834862385321101
_viz_config[_viz_3].label_visible = True
_viz_config[_viz_3].width = 0.12610340479192939
_viz_config[_viz_3].show_legend = False
_viz_config[_viz_3].y = 0.8064220183486235
_viz_config[_viz_3].x = 0.8236159533170135
_viz_ace_editor = nengo_gui.components.AceEditor()
_viz_net_graph = nengo_gui.components.NetGraph()
_viz_sim_control = nengo_gui.components.SimControl()
_viz_config[_viz_sim_control].kept_time = 4.0
_viz_config[_viz_sim_control].shown_time = 0.5
_viz_config[env].pos=(0.4930024973419379, 0.5770642201834862)
_viz_config[env].size=(0.07843137254901959, 0.08)
_viz_config[location].pos=(0.865551516949781, 0.27155963302752295)
_viz_config[location].size=(0.09803921568627451, 0.1)
_viz_config[model].pos=(-0.012610340479192884, -0.07706422018348624)
_viz_config[model].size=(1.0, 1.0)
_viz_config[model].expanded=True
_viz_config[model].has_layout=True
_viz_config[taste].pos=(0.865551516949781, 0.8770642201834862)
_viz_config[taste].size=(0.09803921568627451, 0.1)
_viz_config[velocity].pos=(0.14510545706302688, 0.5917431192660552)
_viz_config[velocity].size=(0.07843137254901959, 0.08)