_viz_0 = nengo_gui.components.Slider(map_selector)
_viz_config[_viz_0].min_value = 0
_viz_config[_viz_0].height = 0.12411927034418273
_viz_config[_viz_0].y = 0.5062931395802261
_viz_config[_viz_0].width = 0.06635670711476613
_viz_config[_viz_0].x = 0.18476211691309744
_viz_config[_viz_0].max_value = 10
_viz_config[_viz_0].label_visible = True
_viz_1 = nengo_gui.components.HTMLView(env)
_viz_config[_viz_1].x = 0.590124081887789
_viz_config[_viz_1].height = 0.29292147801227125
_viz_config[_viz_1].label_visible = True
_viz_config[_viz_1].y = 0.4678120284645177
_viz_config[_viz_1].width = 0.305084882288922
_viz_net_graph = nengo_gui.components.NetGraph()
_viz_progress = nengo_gui.components.Progress()
_viz_config[_viz_progress].x = 0
_viz_config[_viz_progress].height = 100
_viz_config[_viz_progress].label_visible = True
_viz_config[_viz_progress].y = 0
_viz_config[_viz_progress].width = 100
_viz_sim_control = nengo_gui.components.SimControl()
_viz_config[_viz_sim_control].shown_time = 0.5
_viz_config[_viz_sim_control].kept_time = 4.0
_viz_config[env].pos=(0.1828055231578292, 0.33865326889900327)
_viz_config[env].size=(0.030760692020295688, 0.05591524059969809)
_viz_config[map_selector].pos=(0.05287251615859635, 0.3361752121330361)
_viz_config[map_selector].size=(0.04096375078991417, 0.054674143721918055)
_viz_config[model].pos=(-0.0015306280441139686, -0.002039535869151843)
_viz_config[model].size=(1.0033333333333334, 1.0033333333333334)
_viz_config[model].expanded=True
_viz_config[model].has_layout=True